[
  {
    "finger_angles": [
      163.41550177309017,
      168.8741500521758,
      161.07324407032428,
      161.58352085109806,
      178.01954823921162,
      175.38944721857547,
      61.18478222289667,
      145.94248993235692,
      145.52413528401965,
      48.08308269388268,
      144.23531591851122,
      108.85020420830799,
      43.65294258528758,
      157.18208429233806,
      84.02200663940005
    ],
    "hand_distances": [
      0.18050872733194437,
      0.22798630663857292,
      0.08864543469520587,
      0.0660145408373264,
      0.05674803293137169,
      0.1361686628602473,
      0.16001666601941725,
      0.027052510310261884,
      0.025425173029840688,
      0.034587633120623094,
      0.03571588108858776,
      0.03804498935854503,
      0.12631365454591276,
      0.09592553680414746,
      0.08678871306771119,
      0.07250390137814917,
      0.06281643621245729,
      0.12080241282168046,
      0.17566272885516163,
      0.08864543469520587
    ],
    "palm_orientation": [
      -0.311720890923311,
      -0.8745040209408581,
      -0.37158148974383676,
      -0.9245352692660938,
      0.3693868991834879,
      -0.09374355761693016,
      -0.21923645236376366,
      -0.31431836737594415,
      0.9236554237837139
    ],
    "wrist_position": [
      0.35666932761669157,
      0.7618560552597046,
      2.060162014316802e-08
    ],
    "wrist_velocity_mean": [
      -0.0007727344830830892,
      0.017326944404178195,
      4.825607173112682e-09
    ],
    "wrist_velocity_std": [
      0.02472901069135382,
      0.078671837563811,
      1.4944390907420047e-07
    ],
    "wrist_velocity_max": 0.15886903611484388,
    "wrist_acceleration_mean": [
      -0.00366983562707901,
      0.020395509898662567,
      -2.5774767875574867e-08
    ],
    "wrist_acceleration_std": [
      0.037381982680653444,
      0.13073127464937886,
      2.5178384788747133e-07
    ],
    "motion_magnitude": 0.06089397759842653,
    "motion_consistency": 17.16621053256353,
    "hand_size": 0.28560675822164017,
    "hand_aspect_ratio": 0.7873725801705613,
    "hand_volume": 0.002342982342287362,
    "palm_size": 0.1705788313242983,
    "hand_centroid": [
      0.3702014795371464,
      0.6739363389355796,
      -0.04078362455576831
    ],
    "finger_lengths": [
      0.18396812350835537,
      0.23109894839414502,
      0.22481084913859511,
      0.19477466990609615,
      0.1649289923781292
    ],
    "finger_curvatures": [
      0.010402258945822166,
      0.000956720913745636,
      0.014115882261387946,
      0.010365069726293969,
      0.00560961610993156
    ],
    "finger_spreads": [
      0.034587633120623094,
      0.03571588108858776,
      0.03804498935854503
    ],
    "thumb_index_distance": 0.1361686628602473,
    "temporal_consistency": 30.311888100559475,
    "movement_smoothness": 4.815687335630822,
    "gesture_duration": 10,
    "video_id": "0_14_168_library",
    "label": 168,
    "text": "library",
    "num_frames": 15,
    "num_landmark_frames": 10,
    "processing_success": true
  },
  {
    "finger_angles": [
      161.56332139795987,
      154.11599440975286,
      168.5599344578451,
      157.7600060361498,
      160.59956843491778,
      170.50618661541742,
      163.36311324652021,
      162.42971037874034,
      168.3777744951562,
      124.01560695708157,
      78.07680672731448,
      149.70135269354304,
      112.32200251367773,
      93.39873146598018,
      150.23654278972603
    ],
    "hand_distances": [
      0.08508161899575599,
      0.13477289864813646,
      0.13264784424375173,
      0.06477904679422428,
      0.0528696558766306,
      0.05432955461862176,
      0.009129073971768785,
      0.0800988147335062,
      0.01827710552279638,
      0.011430822108754433,
      0.01562933966893686,
      0.019037552351629225,
      0.058216424785101445,
      0.06049943117107818,
      0.05938130666464372,
      0.030370898373940258,
      0.02786451335558573,
      0.050260109418378975,
      0.08536997206564899,
      0.13264784424375173
    ],
    "palm_orientation": [
      -0.7906958721422074,
      -0.6098064907036639,
      0.05418562238229106,
      0.07822335488669735,
      -0.18841541080787638,
      -0.9789692230710672,
      -0.6071911927288997,
      0.7698283424671901,
      -0.1966803971082902
    ],
    "wrist_position": [
      0.4491672426462173,
      0.4900549381971359,
      1.367222619119701e-07
    ],
    "wrist_velocity_mean": [
      -0.013605710532930162,
      0.031856920984056264,
      -8.384953077546065e-09
    ],
    "wrist_velocity_std": [
      0.02293840405508984,
      0.15645898892866428,
      1.2214785983781665e-07
    ],
    "wrist_velocity_max": 0.2941206796715716,
    "wrist_acceleration_mean": [
      -0.0026952065527439117,
      0.0725487656891346,
      -2.8124206241653127e-08
    ],
    "wrist_acceleration_std": [
      0.021823365109913718,
      0.10580007172183903,
      1.989988998282832e-07
    ],
    "motion_magnitude": 0.09966083070101311,
    "motion_consistency": 7.839031486571857,
    "hand_size": 0.1444283380544614,
    "hand_aspect_ratio": 0.3467266821025973,
    "hand_volume": 0.00021188815546679975,
    "palm_size": 0.08852146201669271,
    "hand_centroid": [
      0.4691477226359503,
      0.4164419233089402,
      -0.0151749971946145
    ],
    "finger_lengths": [
      0.09085503812576508,
      0.13999071346779027,
      0.13588848342956278,
      0.12689621414505284,
      0.10702733561782311
    ],
    "finger_curvatures": [
      0.006288649575583005,
      0.003780473252617246,
      0.0029532183686758863,
      0.01820167448006655,
      0.01320680679969323
    ],
    "finger_spreads": [
      0.011430822108754433,
      0.01562933966893686,
      0.019037552351629225
    ],
    "thumb_index_distance": 0.05432955461862176,
    "temporal_consistency": 10.901160898829495,
    "movement_smoothness": 9.940843742579295,
    "gesture_duration": 10,
    "video_id": "0_17_916_cochlear_implant",
    "label": 916,
    "text": "cochlear implant",
    "num_frames": 19,
    "num_landmark_frames": 10,
    "processing_success": true
  },
  {
    "finger_angles": [
      166.71739890681758,
      166.94666658594394,
      169.41785130456097,
      161.01522786811677,
      173.81535168005155,
      174.1354193292895,
      166.72930327635717,
      126.74688372141064,
      130.73280986118607,
      153.78791982715845,
      86.81825639807947,
      131.47318462104298,
      126.23885785649429,
      97.3075247954045,
      120.80245996067855
    ],
    "hand_distances": [
      0.14413967291663415,
      0.1454162442171903,
      0.10338938153695142,
      0.07004357086865355,
      0.05163823216365581,
      0.027014468664521254,
      0.04267960735548705,
      0.0345217707178214,
      0.02298229922396598,
      0.023280609720121276,
      0.021655367737599324,
      0.018692764305814135,
      0.10136059760453409,
      0.07096294008199314,
      0.04594165169803507,
      0.03271159655205427,
      0.02831005113138222,
      0.04966279776892199,
      0.07591475729421336,
      0.10338938153695142
    ],
    "palm_orientation": [
      -0.6444454681197421,
      0.7567834157851836,
      0.1094024689503677,
      0.21537827806472973,
      0.04237050657271489,
      0.9756110585221158,
      -0.7336908313164329,
      -0.6522910406906425,
      0.19030018990248096
    ],
    "wrist_position": [
      0.47136004481996807,
      0.7071585740361895,
      3.157506005863857e-08
    ],
    "wrist_velocity_mean": [
      -0.03756117820739746,
      -0.02385777235031128,
      -1.0118530605988477e-08
    ],
    "wrist_velocity_std": [
      0.06731014180040205,
      0.053997972667377554,
      2.1568566380563883e-07
    ],
    "wrist_velocity_max": 0.2345307224348346,
    "wrist_acceleration_mean": [
      -0.0005212306976318359,
      0.0010596275329589843,
      -9.339801962937599e-08
    ],
    "wrist_acceleration_std": [
      0.10830431757962429,
      0.09419952524625584,
      3.5729212952962417e-07
    ],
    "motion_magnitude": 0.0524026482730153,
    "motion_consistency": 12.234822067325492,
    "hand_size": 0.15556466066773067,
    "hand_aspect_ratio": 0.3071199277829539,
    "hand_volume": 0.0003006839105140997,
    "palm_size": 0.08459937305659063,
    "hand_centroid": [
      0.48874240099978294,
      0.6353437837694779,
      -0.028869926461758372
    ],
    "finger_lengths": [
      0.14807049898505062,
      0.14701187112357464,
      0.11360479634322485,
      0.10285670306224394,
      0.09055054464231471
    ],
    "finger_curvatures": [
      0.006790535202724154,
      0.001787119597028528,
      0.009362124598001204,
      0.014267602036011934,
      0.012805356223301364
    ],
    "finger_spreads": [
      0.023280609720121276,
      0.021655367737599324,
      0.018692764305814135
    ],
    "thumb_index_distance": 0.027014468664521254,
    "temporal_consistency": 22.44498095480017,
    "movement_smoothness": 5.587427680594295,
    "gesture_duration": 7,
    "video_id": "0_1_830_match",
    "label": 830,
    "text": "match",
    "num_frames": 14,
    "num_landmark_frames": 7,
    "processing_success": true
  },
  {
    "finger_angles": [
      173.28260012355247,
      171.19365840619633,
      172.8965752494663,
      66.00868920094486,
      97.27362131464767,
      162.07499619099525,
      63.176837787748944,
      76.88028142918147,
      168.0168586324684,
      80.19138004453065,
      60.74421549759686,
      170.7981822353309,
      106.87755973866767,
      31.32738307381374,
      173.38380026600615
    ],
    "hand_distances": [
      0.13423256373787823,
      0.08525151672596736,
      0.06602282159517216,
      0.05062984517026747,
      0.04530810657755408,
      0.09327292703525174,
      0.027500127919678208,
      0.026912915405016953,
      0.019201209704165185,
      0.03256370217419518,
      0.03165594086220046,
      0.029754840276602655,
      0.08034006075700496,
      0.05179693794625497,
      0.04369492331777439,
      0.03700435841110472,
      0.029517752648863613,
      0.11454514604417193,
      0.05424948292041097,
      0.06602282159517216
    ],
    "palm_orientation": [
      0.5261289257807218,
      -0.7902978831087795,
      0.3140344080042916,
      -0.8503374341236416,
      -0.49355178078449613,
      0.18257296572185666,
      -0.010705212975248036,
      0.3630921310607469,
      0.9316917423573743
    ],
    "wrist_position": [
      0.5111452979700906,
      0.6681154114859444,
      -1.526646126340633e-07
    ],
    "wrist_velocity_mean": [
      0.0017302284638086955,
      -0.007119625806808472,
      3.457486504506354e-08
    ],
    "wrist_velocity_std": [
      0.20837674678795703,
      0.040660682020737186,
      2.633486137743355e-07
    ],
    "wrist_velocity_max": 0.36767718088751944,
    "wrist_acceleration_mean": [
      -0.07389220595359802,
      -0.005295097827911377,
      -1.0139483848092823e-07
    ],
    "wrist_acceleration_std": [
      0.2694659236064418,
      0.05798579886888133,
      3.7249210835141697e-07
    ],
    "motion_magnitude": 0.12814033570844058,
    "motion_consistency": 5.902001450435779,
    "hand_size": 0.16701584600121128,
    "hand_aspect_ratio": 1.2134033463731708,
    "hand_volume": 0.0006037594481957735,
    "palm_size": 0.09915699712892496,
    "hand_centroid": [
      0.5280666239813072,
      0.6270095150486954,
      -0.027782877580602675
    ],
    "finger_lengths": [
      0.13472988960111365,
      0.1627150929053808,
      0.12825997887197702,
      0.09572854678764348,
      0.07836607805801593
    ],
    "finger_curvatures": [
      0.001839238400331039,
      0.015854751429053578,
      0.014992261202606895,
      0.011228091142800729,
      0.005058411098656514
    ],
    "finger_spreads": [
      0.03256370217419518,
      0.03165594086220046,
      0.029754840276602655
    ],
    "thumb_index_distance": 0.09327292703525174,
    "temporal_consistency": 27.329233664632106,
    "movement_smoothness": 2.1659647107684386,
    "gesture_duration": 7,
    "video_id": "0_21_579_letter",
    "label": 579,
    "text": "letter",
    "num_frames": 15,
    "num_landmark_frames": 7,
    "processing_success": true
  },
  {
    "finger_angles": [
      150.77365640378608,
      167.04375859907978,
      168.13004175515385,
      160.14922063668826,
      170.58251500875068,
      175.97550539381655,
      103.07294114636771,
      101.84288840222533,
      138.0599379604902,
      88.32288482186891,
      93.8936966119898,
      130.11452825635695,
      85.88468507877232,
      103.29930324664542,
      123.11407306916944
    ],
    "hand_distances": [
      0.15352765153370673,
      0.2552924195987154,
      0.1147595124276923,
      0.08381499916915428,
      0.06543394151287278,
      0.11740919369223692,
      0.15356097976442482,
      0.0312832408532147,
      0.02690333215851396,
      0.02283593931315182,
      0.028969969195395136,
      0.03456640142051101,
      0.1009668754063984,
      0.11423593163713325,
      0.06433817721147388,
      0.053886776496000766,
      0.043177331374521837,
      0.05045863840901825,
      0.17941365645210572,
      0.1147595124276923
    ],
    "palm_orientation": [
      -0.1048058553580535,
      0.711782502015513,
      -0.6945368258826907,
      0.9822219494725201,
      -0.035283826776598026,
      -0.18437758416467348,
      0.1557426552267201,
      0.7015131655161829,
      0.6954304450844784
    ],
    "wrist_position": [
      0.611782261303493,
      0.7624656983784267,
      -1.8466336371147918e-07
    ],
    "wrist_velocity_mean": [
      0.056598891814549766,
      -0.0083465576171875,
      -6.071237616348905e-08
    ],
    "wrist_velocity_std": [
      0.11914594368193676,
      0.0516310457008372,
      1.3183922841216597e-07
    ],
    "wrist_velocity_max": 0.3429774362671052,
    "wrist_acceleration_mean": [
      -0.06293410062789917,
      0.033881199359893796,
      -7.216303572477046e-08
    ],
    "wrist_acceleration_std": [
      0.12740564073044372,
      0.04815086063172979,
      1.3669438861510667e-07
    ],
    "motion_magnitude": 0.07079800103132093,
    "motion_consistency": 8.131891974512342,
    "hand_size": 0.26449296907937314,
    "hand_aspect_ratio": 0.29836121585233527,
    "hand_volume": 0.001097294208033664,
    "palm_size": 0.15951648753641628,
    "hand_centroid": [
      0.5826885031194103,
      0.6571139409428549,
      -0.03750229794209226
    ],
    "finger_lengths": [
      0.15988546035775578,
      0.2592887884640839,
      0.2276009144318924,
      0.19978107270967616,
      0.1563722262326128
    ],
    "finger_curvatures": [
      0.005227381681111815,
      0.003913445163206022,
      0.02527734211500289,
      0.02404747073416045,
      0.018293917955016288
    ],
    "finger_spreads": [
      0.02283593931315182,
      0.028969969195395136,
      0.03456640142051101
    ],
    "thumb_index_distance": 0.11740919369223692,
    "temporal_consistency": 19.769459959140555,
    "movement_smoothness": 8.866823613008329,
    "gesture_duration": 7,
    "video_id": "0_22_298_from",
    "label": 298,
    "text": "from",
    "num_frames": 12,
    "num_landmark_frames": 7,
    "processing_success": true
  },
  {
    "finger_angles": [
      163.97245990766956,
      170.50222886381562,
      175.2002537151278,
      161.59800427165254,
      176.75830333851883,
      174.98300457911319,
      134.02892137876736,
      166.79413882058878,
      172.20217950943538,
      101.63852529014513,
      92.81242842805806,
      154.80277904529646,
      107.06724543033701,
      90.51865981944991,
      149.7391330937633
    ],
    "hand_distances": [
      0.11873084831146005,
      0.19326646603584471,
      0.16579796776525735,
      0.06904729287260168,
      0.061489339690787695,
      0.07576382051531652,
      0.04689878283775883,
      0.10859285353405568,
      0.011263429664312015,
      0.01172478324631918,
      0.017088086321951336,
      0.022673857114064878,
      0.08526598314336892,
      0.09613451437312806,
      0.08615276208123009,
      0.053576951442965315,
      0.03857857668733446,
      0.05268534583361845,
      0.14466690671125926,
      0.16579796776525735
    ],
    "palm_orientation": [
      0.07010653934905398,
      0.9661706782506622,
      0.24819204989111773,
      0.9599512457413288,
      0.002312241285765168,
      -0.28015756163256994,
      0.2712539012441488,
      -0.257893144594601,
      0.9273146429507828
    ],
    "wrist_position": [
      0.40086326748132706,
      0.7394135743379593,
      3.118675646618385e-07
    ],
    "wrist_velocity_mean": [
      0.006101974419185093,
      -0.0016896554401942662,
      -6.658930625949974e-08
    ],
    "wrist_velocity_std": [
      0.01353899914577175,
      0.018985830011093295,
      1.989093363902991e-07
    ],
    "wrist_velocity_max": 0.03843501035473377,
    "wrist_acceleration_mean": [
      0.0006618152062098185,
      -0.0005367894967397054,
      -9.177213418828008e-08
    ],
    "wrist_acceleration_std": [
      0.017244307011067796,
      0.02483725429357027,
      2.3387434037693367e-07
    ],
    "motion_magnitude": 0.0216024981199547,
    "motion_consistency": 92.37610557290766,
    "hand_size": 0.20125242463517606,
    "hand_aspect_ratio": 0.3200318548390619,
    "hand_volume": 0.0006090735566813008,
    "palm_size": 0.1075989412431116,
    "hand_centroid": [
      0.42365613029826255,
      0.6538990759069011,
      -0.036349191772213886
    ],
    "finger_lengths": [
      0.12053166172643474,
      0.19570669930115914,
      0.18097882827586623,
      0.1647528668186026,
      0.13118770660316217
    ],
    "finger_curvatures": [
      0.003010462687256428,
      0.0021240125754959107,
      0.005278041433546937,
      0.02381019081407873,
      0.0189931252371658
    ],
    "finger_spreads": [
      0.01172478324631918,
      0.017088086321951336,
      0.022673857114064878
    ],
    "thumb_index_distance": 0.07576382051531652,
    "temporal_consistency": 43.5630959294859,
    "movement_smoothness": 24.6602640626465,
    "gesture_duration": 8,
    "video_id": "0_24_906_hong_kong",
    "label": 906,
    "text": "hong kong",
    "num_frames": 15,
    "num_landmark_frames": 8,
    "processing_success": true
  },
  {
    "finger_angles": [
      176.14872917483464,
      173.94791373432165,
      174.20916230288037,
      169.49572172808607,
      173.76415830042592,
      174.36695299585006,
      172.7219702628326,
      176.24019823957457,
      177.4571802731182,
      160.14782230940696,
      174.18740025141884,
      176.06530015514434,
      145.53634537052065,
      165.69326484564772,
      172.75640008314576
    ],
    "hand_distances": [
      0.12513360887064642,
      0.14848244594080048,
      0.14148255178691851,
      0.12317387267146314,
      0.09323507658887928,
      0.03098112602089277,
      0.0113088971037114,
      0.0240461095296456,
      0.0384650137178255,
      0.016916250055039345,
      0.018921614783504605,
      0.019968264152163594,
      0.0822538280777858,
      0.06811378247395138,
      0.07308518764136063,
      0.06783526560463156,
      0.04794239217941999,
      0.027423378258216297,
      0.03486938800733396,
      0.14148255178691851
    ],
    "palm_orientation": [
      -0.7025718518442694,
      -0.6542702618615339,
      0.27986285469807115,
      -0.639112323114194,
      0.4071999321682703,
      -0.652475021503302,
      -0.31293486772760254,
      0.6372743833591586,
      0.7042393974171792
    ],
    "wrist_position": [
      0.5612439115842184,
      0.8604141473770142,
      2.080772164939996e-07
    ],
    "wrist_velocity_mean": [
      -0.03559005260467529,
      -0.015173470973968506,
      1.2538328348909998e-07
    ],
    "wrist_velocity_std": [
      0.033520117286790795,
      0.02251054557769787,
      7.39918271028174e-08
    ],
    "wrist_velocity_max": 0.10279580792237455,
    "wrist_acceleration_mean": [
      -0.02221551537513733,
      0.007237270474433899,
      -4.087386606954624e-08
    ],
    "wrist_acceleration_std": [
      0.03124036727677253,
      0.0368263691524381,
      9.076844129934228e-08
    ],
    "motion_magnitude": 0.04607418016211217,
    "motion_consistency": 31.5537664621084,
    "hand_size": 0.1490484757689154,
    "hand_aspect_ratio": 1.0772116236322269,
    "hand_volume": 0.0005254709342962549,
    "palm_size": 0.08489594439944832,
    "hand_centroid": [
      0.4936243570040143,
      0.8105867311121925,
      -0.036045915603580336
    ],
    "finger_lengths": [
      0.12567141268047322,
      0.14913898923941904,
      0.1417738222069171,
      0.1254329828423678,
      0.09957054868452167
    ],
    "finger_curvatures": [
      0.0026949361834497686,
      0.0015366274785500846,
      0.0010254995057954245,
      0.0014853069184392789,
      0.0029570700034841084
    ],
    "finger_spreads": [
      0.016916250055039345,
      0.018921614783504605,
      0.019968264152163594
    ],
    "thumb_index_distance": 0.03098112602089277,
    "temporal_consistency": 16.19251839547912,
    "movement_smoothness": 12.662348912906358,
    "gesture_duration": 6,
    "video_id": "0_25_606_every_morning",
    "label": 606,
    "text": "every morning",
    "num_frames": 10,
    "num_landmark_frames": 6,
    "processing_success": true
  },
  {
    "finger_angles": [
      170.68831947949656,
      155.09132043513833,
      162.39582912119437,
      129.13875450455043,
      130.99577347888132,
      149.2050916737333,
      113.50414167586507,
      98.63087117148275,
      124.67528411580744,
      115.04943573511629,
      73.50310742861954,
      132.18857968747022,
      125.82059629358156,
      66.71683804598912,
      139.9736657485886
    ],
    "hand_distances": [
      0.1296708694662275,
      0.14651957894945059,
      0.10537262172300647,
      0.0783356768262386,
      0.06641858555111627,
      0.02586414156622497,
      0.04501433637170669,
      0.030966898966601347,
      0.02461122416336635,
      0.0219134662607139,
      0.028955078873623932,
      0.03164575579204972,
      0.09220041062692245,
      0.06947802981794603,
      0.051951334895744966,
      0.035482325377439526,
      0.02601979951047918,
      0.03585848349807794,
      0.07578288490617165,
      0.10537262172300647
    ],
    "palm_orientation": [
      -0.21957086434430512,
      0.8337773381141598,
      -0.5065609400440982,
      0.9519217974542115,
      0.06940596109514527,
      -0.2983751063611077,
      0.21362005304427278,
      0.5477208805694056,
      0.8089303492425273
    ],
    "wrist_position": [
      0.4239569418132305,
      0.690007746219635,
      -3.5360324668332055e-09
    ],
    "wrist_velocity_mean": [
      0.002121682677950178,
      -0.021266094275883267,
      -8.389739823501583e-09
    ],
    "wrist_velocity_std": [
      0.028878237938494096,
      0.10797577894085934,
      1.4962974491706886e-07
    ],
    "wrist_velocity_max": 0.2704074030080044,
    "wrist_acceleration_mean": [
      -0.015407626827557882,
      0.05229331056276957,
      -2.7266161624813396e-08
    ],
    "wrist_acceleration_std": [
      0.028249800237563866,
      0.10692095169163324,
      2.794533398629969e-07
    ],
    "motion_magnitude": 0.07734745983088771,
    "motion_consistency": 11.980696722604268,
    "hand_size": 0.1643872867694161,
    "hand_aspect_ratio": 0.6936106396374921,
    "hand_volume": 0.000670560256072137,
    "palm_size": 0.12451594857834523,
    "hand_centroid": [
      0.480229297741538,
      0.6278039460026082,
      -0.039794419182029514
    ],
    "finger_lengths": [
      0.1366453507899029,
      0.1977947377276765,
      0.18259737747202093,
      0.15743835675328677,
      0.13177373064798753
    ],
    "finger_curvatures": [
      0.010486647202819216,
      0.016086597738101803,
      0.021389682808128727,
      0.02226263315663786,
      0.02112564847262538
    ],
    "finger_spreads": [
      0.0219134662607139,
      0.028955078873623932,
      0.03164575579204972
    ],
    "thumb_index_distance": 0.02586414156622497,
    "temporal_consistency": 20.27566892402111,
    "movement_smoothness": 9.518384748128968,
    "gesture_duration": 8,
    "video_id": "0_27_288_give",
    "label": 288,
    "text": "give",
    "num_frames": 10,
    "num_landmark_frames": 8,
    "processing_success": true
  },
  {
    "finger_angles": [
      156.2579981694484,
      173.63863446846807,
      167.04321648552082,
      153.62220794365126,
      176.8838027312857,
      172.78958925230407,
      156.67230742504367,
      165.85479127225506,
      175.37077592523897,
      159.69196118501844,
      161.5004554737095,
      174.67735181660257,
      152.35497892429055,
      161.8669314670279,
      174.3512199151708
    ],
    "hand_distances": [
      0.06181583446175066,
      0.082531821572373,
      0.09536342811541951,
      0.09961181049375441,
      0.09279328010274762,
      0.02978517883206492,
      0.029632861444023984,
      0.013635266902611059,
      0.010021218251678555,
      0.008942230772885048,
      0.00900916034818758,
      0.008476079801575012,
      0.044952600197425474,
      0.051880959475481825,
      0.06714923029490928,
      0.06983695366932885,
      0.0597128700070364,
      0.05650158195892682,
      0.04269907922647052,
      0.09536342811541951
    ],
    "palm_orientation": [
      -0.2987427451019731,
      -0.9459375379276221,
      0.12631289161588397,
      -0.6179362955847382,
      0.09087152253003974,
      -0.7809590904727873,
      -0.7272602744877165,
      0.31135918282989666,
      0.6116763461337628
    ],
    "wrist_position": [
      0.43759530782699585,
      0.576575287363746,
      7.505279226388045e-08
    ],
    "wrist_velocity_mean": [
      0.03612818717956543,
      0.0020910263061523437,
      2.9582835736619018e-08
    ],
    "wrist_velocity_std": [
      0.21692721107459456,
      0.19773676345951297,
      2.9563707974816425e-07
    ],
    "wrist_velocity_max": 0.5970392157823644,
    "wrist_acceleration_mean": [
      -0.052709354294670954,
      0.052135745684305825,
      1.77699427518342e-08
    ],
    "wrist_acceleration_std": [
      0.34848381271348183,
      0.21950790064726836,
      4.918659645337639e-07
    ],
    "motion_magnitude": 0.20386688969288352,
    "motion_consistency": 4.667338341215117,
    "hand_size": 0.1121617839694084,
    "hand_aspect_ratio": 0.4691592704384654,
    "hand_volume": 0.00018028624531786565,
    "palm_size": 0.04380516811833595,
    "hand_centroid": [
      0.4490985520732351,
      0.6222938324336882,
      -0.02886304107169882
    ],
    "finger_lengths": [
      0.06308771598923923,
      0.08516511870992342,
      0.09956304520457157,
      0.10417157383550868,
      0.09795097676439835
    ],
    "finger_curvatures": [
      0.0009468334142470991,
      0.0014126199722726222,
      0.0036813406455105373,
      0.004944900244107134,
      0.004156309778647215
    ],
    "finger_spreads": [
      0.008942230772885048,
      0.00900916034818758,
      0.008476079801575012
    ],
    "thumb_index_distance": 0.02978517883206492,
    "temporal_consistency": 7.288587330226475,
    "movement_smoothness": 2.165927794884113,
    "gesture_duration": 11,
    "video_id": "0_28_589_shock",
    "label": 589,
    "text": "shock",
    "num_frames": 13,
    "num_landmark_frames": 11,
    "processing_success": true
  },
  {
    "finger_angles": [
      143.6215363522224,
      156.94287826232778,
      168.40561681342456,
      140.13686675423742,
      177.68013784042762,
      175.65417995138102,
      141.6030154082693,
      177.4009848131958,
      177.10696366673275,
      144.5970470705323,
      158.27429871398652,
      163.4344252125141,
      156.1588649715252,
      154.26616771093103,
      164.05623018879848
    ],
    "hand_distances": [
      0.10135833140901741,
      0.136873506127273,
      0.13167589479610772,
      0.1142991702359337,
      0.10996229940185544,
      0.03799892031833248,
      0.02814584840832993,
      0.04576214509072522,
      0.019546526595961896,
      0.015226850801645594,
      0.020179765448547268,
      0.021932306056714042,
      0.08205124753585834,
      0.08163402909215046,
      0.08109422293508042,
      0.06790727911543985,
      0.05510342098130976,
      0.03560489646489527,
      0.07195014346714225,
      0.13167589479610772
    ],
    "palm_orientation": [
      0.30094554674380253,
      0.7988583947872143,
      0.5208234278266182,
      0.46980295256191285,
      0.3510756303012513,
      -0.8099574603475717,
      0.8298897298190783,
      -0.4884374748998837,
      0.26965138504046865
    ],
    "wrist_position": [
      0.44671909883618355,
      0.6532959267497063,
      2.7290183479689034e-07
    ],
    "wrist_velocity_mean": [
      0.004253285271780831,
      0.012847849300929479,
      1.4413109689875064e-08
    ],
    "wrist_velocity_std": [
      0.09546646309126061,
      0.06266454276283241,
      2.3487488264124345e-07
    ],
    "wrist_velocity_max": 0.2352147651423008,
    "wrist_acceleration_mean": [
      -0.005673771103223165,
      0.010892897844314575,
      -5.8250419006829666e-08
    ],
    "wrist_acceleration_std": [
      0.17596276142101286,
      0.10402041208657922,
      3.443525566555577e-07
    ],
    "motion_magnitude": 0.0803596080964033,
    "motion_consistency": 12.157049268345816,
    "hand_size": 0.16468692260571202,
    "hand_aspect_ratio": 1.2324918044854005,
    "hand_volume": 0.000550834900180382,
    "palm_size": 0.08460139736624896,
    "hand_centroid": [
      0.5124943343301614,
      0.692480593210175,
      -0.030062292774790462
    ],
    "finger_lengths": [
      0.11254264170377327,
      0.14635062501732837,
      0.13998742349394477,
      0.1252486479532006,
      0.1170318957848564
    ],
    "finger_curvatures": [
      0.008115737989616602,
      0.0015171446432994192,
      0.001198675781270807,
      0.005608509862170309,
      0.005474139015368822
    ],
    "finger_spreads": [
      0.015226850801645594,
      0.020179765448547268,
      0.021932306056714042
    ],
    "thumb_index_distance": 0.03799892031833248,
    "temporal_consistency": 24.47475672942165,
    "movement_smoothness": 3.069436904059186,
    "gesture_duration": 8,
    "video_id": "0_29_982_puerto_rico",
    "label": 982,
    "text": "puerto rico",
    "num_frames": 15,
    "num_landmark_frames": 8,
    "processing_success": true
  },
  {
    "finger_angles": [
      143.62308684051177,
      137.4731995938112,
      144.0632171206857,
      133.83399523473489,
      167.66016734892725,
      170.4338030511122,
      163.8832634567072,
      176.15979607047439,
      168.26958416217587,
      148.41352442200977,
      69.38364100055678,
      141.29470329157178,
      115.76451377038954,
      86.44210952582056,
      139.5251251503029
    ],
    "hand_distances": [
      0.14071209626092718,
      0.17184097396457831,
      0.17491006280797133,
      0.08872985650055207,
      0.07311360291411242,
      0.03648134586262395,
      0.007643397740684352,
      0.08824757354936692,
      0.022683455642302806,
      0.03770725936661273,
      0.029871564372261128,
      0.021510140497078476,
      0.10730122672938025,
      0.0989905674228873,
      0.09971010205154675,
      0.03405021546566564,
      0.03864505711061989,
      0.03902830638727573,
      0.08425689472050617,
      0.17491006280797133
    ],
    "palm_orientation": [
      0.4129369809476581,
      -0.6679341607065175,
      -0.6191502295300502,
      -0.16537550061828737,
      -0.7235059400242309,
      0.67021645648619,
      0.8956193351871564,
      0.17436488095638505,
      0.40922230477819893
    ],
    "wrist_position": [
      0.41584927439689634,
      0.6794577360153198,
      3.75544974673403e-07
    ],
    "wrist_velocity_mean": [
      -0.002511190043555366,
      -0.01826223399904039,
      1.8687318162038636e-08
    ],
    "wrist_velocity_std": [
      0.09658914291178997,
      0.06048492444095901,
      2.1688995185409732e-07
    ],
    "wrist_velocity_max": 0.25220341211281055,
    "wrist_acceleration_mean": [
      -0.006492599844932556,
      0.018364138901233673,
      -1.213145139900007e-09
    ],
    "wrist_acceleration_std": [
      0.17502532354892233,
      0.082442515458006,
      3.5099259161317967e-07
    ],
    "motion_magnitude": 0.07086582224456647,
    "motion_consistency": 10.972633086885207,
    "hand_size": 0.18523421669881301,
    "hand_aspect_ratio": 1.387691585251061,
    "hand_volume": 0.0008621821816476596,
    "palm_size": 0.1158455532521921,
    "hand_centroid": [
      0.49538504765147257,
      0.6220920804001036,
      -0.03598103180823288
    ],
    "finger_lengths": [
      0.18438390866368243,
      0.19421438326244508,
      0.17711799287527866,
      0.15596730670766196,
      0.15343700023472207
    ],
    "finger_curvatures": [
      0.025239267763438152,
      0.006024820539403411,
      0.0017746891658582294,
      0.02633795491668136,
      0.023396789332849235
    ],
    "finger_spreads": [
      0.03770725936661273,
      0.029871564372261128,
      0.021510140497078476
    ],
    "thumb_index_distance": 0.03648134586262395,
    "temporal_consistency": 22.576640074075225,
    "movement_smoothness": 3.6802263631286958,
    "gesture_duration": 10,
    "video_id": "0_2_542_fail",
    "label": 542,
    "text": "fail",
    "num_frames": 15,
    "num_landmark_frames": 10,
    "processing_success": true
  },
  {
    "finger_angles": [
      173.20760594914734,
      171.7391260167636,
      152.67451954801533,
      140.8292077708834,
      165.8303628867554,
      160.79718474144082,
      159.85396600340306,
      159.73323573596554,
      164.88796349930266,
      149.54093247310144,
      99.36586767077556,
      175.51230566059766,
      156.55327448749856,
      62.28156349556101,
      159.17392338716948
    ],
    "hand_distances": [
      0.0929344738401577,
      0.06516246600309109,
      0.04766746249352111,
      0.04038738194497556,
      0.050978216525454506,
      0.050264421699369496,
      0.02788384369166651,
      0.02374018147999318,
      0.02553632188123573,
      0.025798273609973797,
      0.022652315895827172,
      0.018898299766945674,
      0.060165874857926155,
      0.03034322638169251,
      0.0227396556132244,
      0.01448762118961173,
      0.008041916128996584,
      0.07525172968093977,
      0.05150894034068963,
      0.04766746249352111
    ],
    "palm_orientation": [
      0.19642073068802446,
      -0.9530977265717496,
      -0.2302685826589135,
      -0.9564483909396813,
      -0.23795727545819342,
      0.16906451586719284,
      0.21592909027010992,
      -0.18703223962802762,
      0.958328528905848
    ],
    "wrist_position": [
      0.5944354832172394,
      0.7751098945736885,
      -1.6104255484705732e-08
    ],
    "wrist_velocity_mean": [
      -0.0034214002745492117,
      -0.024469494819641113,
      9.718681224869994e-09
    ],
    "wrist_velocity_std": [
      0.07676618172178114,
      0.07262447777479801,
      1.342660579511487e-07
    ],
    "wrist_velocity_max": 0.23740464222639737,
    "wrist_acceleration_mean": [
      0.028552353382110596,
      0.04006943106651306,
      2.320878481990955e-08
    ],
    "wrist_acceleration_std": [
      0.10504897907053715,
      0.07311470529128145,
      1.8692039951391445e-07
    ],
    "motion_magnitude": 0.07371854980622299,
    "motion_consistency": 12.555643769221868,
    "hand_size": 0.13404986481138684,
    "hand_aspect_ratio": 0.3262636177728729,
    "hand_volume": 0.00023604742831969278,
    "palm_size": 0.0735408328622105,
    "hand_centroid": [
      0.5994676103194555,
      0.7641632237604686,
      -0.032447554838170106
    ],
    "finger_lengths": [
      0.09505886513654467,
      0.0722728149027072,
      0.0502798902061274,
      0.05002717136312511,
      0.05986862076203038
    ],
    "finger_curvatures": [
      0.004898826661172953,
      0.002689032093203013,
      0.002303755612026771,
      0.004458929822002307,
      0.004274784555771373
    ],
    "finger_spreads": [
      0.025798273609973797,
      0.022652315895827172,
      0.018898299766945674
    ],
    "thumb_index_distance": 0.050264421699369496,
    "temporal_consistency": 24.61147951155774,
    "movement_smoothness": 6.185288768080132,
    "gesture_duration": 8,
    "video_id": "0_4_38_book",
    "label": 38,
    "text": "book",
    "num_frames": 14,
    "num_landmark_frames": 8,
    "processing_success": true
  },
  {
    "finger_angles": [
      178.05963078682063,
      162.9053116421133,
      170.8938023858002,
      131.09183306095937,
      153.0656406222312,
      174.2859120494287,
      107.14111611801661,
      102.43092728240065,
      136.1216470738423,
      106.5116384024528,
      91.09898855438581,
      139.8219794669084,
      119.10208147115804,
      82.19348080228842,
      150.77018410477154
    ],
    "hand_distances": [
      0.14575945357754025,
      0.17935204586625308,
      0.1140416363757297,
      0.08941934801194132,
      0.07843002230343989,
      0.0350321614509827,
      0.06660255398619976,
      0.028741634849881053,
      0.01858323126844587,
      0.016170563348187693,
      0.024271965175482624,
      0.025797344560103203,
      0.09679792452621817,
      0.0765480644384547,
      0.04375866269693644,
      0.03520616828878265,
      0.025687729247912183,
      0.03525268548256017,
      0.09335783434305249,
      0.1140416363757297
    ],
    "palm_orientation": [
      0.26597390811933797,
      -0.902987778091616,
      0.33744770382518885,
      -0.9630561075584376,
      -0.2335822441481896,
      0.1340233894254529,
      0.04219969068745589,
      0.3606277968153066,
      0.9317546770851333
    ],
    "wrist_position": [
      0.3185181081295013,
      0.37518914341926574,
      -1.776172653400465e-08
    ],
    "wrist_velocity_mean": [
      0.00612717866897583,
      -0.04090247220463223,
      -1.642282275603356e-08
    ],
    "wrist_velocity_std": [
      0.017030927120579457,
      0.12911767193838816,
      1.2242288354293428e-07
    ],
    "wrist_velocity_max": 0.36608827779677927,
    "wrist_acceleration_mean": [
      0.006122983992099762,
      0.06176048517227173,
      -9.594403549417763e-09
    ],
    "wrist_acceleration_std": [
      0.022843981423445875,
      0.08612230493221264,
      2.0540394199033748e-07
    ],
    "motion_magnitude": 0.07502750355458329,
    "motion_consistency": 8.75615991303042,
    "hand_size": 0.1812887395875158,
    "hand_aspect_ratio": 0.7102528577620869,
    "hand_volume": 0.00035555709817094923,
    "palm_size": 0.13744269945692855,
    "hand_centroid": [
      0.38109040246123355,
      0.2875259163124221,
      -0.004277882530023118
    ],
    "finger_lengths": [
      0.14825759086744536,
      0.20960418842581768,
      0.18233832298597025,
      0.15912108346915366,
      0.13014297463556784
    ],
    "finger_curvatures": [
      0.00702418844185485,
      0.0072770874220296315,
      0.016243560250359675,
      0.017213473760825215,
      0.014604171602580693
    ],
    "finger_spreads": [
      0.016170563348187693,
      0.024271965175482624,
      0.025797344560103203
    ],
    "thumb_index_distance": 0.0350321614509827,
    "temporal_consistency": 15.433922290819233,
    "movement_smoothness": 16.33741639221337,
    "gesture_duration": 10,
    "video_id": "0_54_345_think",
    "label": 345,
    "text": "think",
    "num_frames": 13,
    "num_landmark_frames": 10,
    "processing_success": true
  },
  {
    "finger_angles": [
      163.61857475241678,
      164.448255101691,
      173.225867503596,
      137.87376625752043,
      150.7271571460404,
      168.13018714963474,
      143.13445683760403,
      155.79538499115267,
      158.40284104859703,
